8000  0.000000e+00
9000  7.344190e-17
10000  6.862730e-14
11000  9.403710e-12
12000  6.302980e-10
13000  1.609590e-08
14000  2.857980e-07
15000  2.563900e-06
16000  1.373890e-05
17000  5.094180e-05
18000  1.333600e-04
19000  3.082410e-04
20000  6.324730e-04
21000  1.054010e-03
22000  1.642160e-03
23000  2.452920e-03
24000  3.447550e-03
25000  4.657200e-03
26000  6.010650e-03
27000  7.569910e-03
28000  9.163460e-03
29000  1.091120e-02
30000  1.253520e-02
31000  1.381850e-02
32000  1.502630e-02
33000  1.624740e-02
34000  1.727330e-02
35000  1.822380e-02
36000  1.908510e-02
37000  1.987950e-02
38000  2.057810e-02
39000  2.122240e-02
40000  2.168970e-02
41000  2.193300e-02
42000  2.203170e-02
43000  2.210720e-02
44000  2.210950e-02
45000  2.202920e-02
46000  2.206110e-02
47000  2.205460e-02
48000  2.176130e-02
49000  2.141670e-02
50000  2.111150e-02
51000  2.071360e-02
52000  2.032330e-02
53000  1.989890e-02
54000  1.957590e-02
55000  1.922840e-02
56000  2.334580e-02
57000  2.754600e-02
58000  3.112120e-02
59000  3.469830e-02
60000  2.640580e-02
61000  1.786550e-02
62000  1.651320e-02
63000  1.512410e-02
64000  1.468590e-02
65000  1.418220e-02
66000  1.668760e-02
67000  1.921960e-02
68000  1.625330e-02
69000  1.312330e-02
70000  1.150070e-02
71000  9.830780e-03
72000  9.384530e-03
73000  8.891080e-03
74000  8.590750e-03
75000  8.339620e-03
76000  7.961990e-03
77000  7.532090e-03
78000  7.218120e-03
79000  6.722540e-03
80000  6.501650e-03
81000  6.051580e-03
82000  5.677880e-03
83000  5.399150e-03
84000  5.007860e-03
85000  4.616990e-03
86000  4.355540e-03
87000  4.093890e-03
88000  3.729730e-03
89000  3.364070e-03
90000  3.067880e-03
91000  2.773140e-03
92000  2.381740e-03
93000  2.047110e-03
94000  1.752720e-03
95000  1.456480e-03
96000  1.185190e-03
97000  9.031360e-04
98000  5.817540e-04
99000  2.619680e-04
100000  6.048540e-05
101000  -1
