8000  0.000000e+00
9000  4.310620e-06
10000  3.854460e-05
11000  1.257740e-04
12000  4.552670e-04
13000  1.171020e-03
14000  2.871450e-03
15000  5.433490e-03
16000  9.485380e-03
17000  1.449450e-02
18000  1.887080e-02
19000  2.415620e-02
20000  2.849790e-02
21000  3.341240e-02
22000  3.701550e-02
23000  4.088400e-02
24000  4.332640e-02
25000  4.530480e-02
26000  4.639040e-02
27000  4.730290e-02
28000  4.698120e-02
29000  4.660280e-02
30000  4.588620e-02
31000  4.490330e-02
32000  4.307750e-02
33000  4.118660e-02
34000  3.912490e-02
35000  3.686910e-02
36000  3.434860e-02
37000  3.171880e-02
38000  2.953080e-02
39000  2.727580e-02
40000  2.555570e-02
41000  2.310160e-02
42000  2.009180e-02
43000  1.724220e-02
44000  1.474230e-02
45000  1.206530e-02
46000  9.025060e-03
47000  5.970060e-03
48000  3.763840e-03
49000  1.477920e-03
50000  2.174740e-04
51000  0.000000e+00
