8000  0.000000e+00
9000  2.085290e-37
10000  2.491390e-29
11000  5.833500e-24
12000  1.757580e-19
13000  6.610360e-16
14000  5.820880e-13
15000  1.273190e-10
16000  4.001750e-09
17000  7.235490e-08
18000  7.785560e-07
19000  6.061200e-06
20000  3.345910e-05
21000  1.034990e-04
22000  2.727300e-04
23000  6.531750e-04
24000  1.381830e-03
25000  2.679190e-03
26000  4.762160e-03
27000  7.946870e-03
28000  1.225510e-02
29000  1.800840e-02
30000  2.518770e-02
31000  3.096500e-02
32000  3.666300e-02
33000  4.256130e-02
34000  4.835510e-02
35000  5.374510e-02
36000  5.830450e-02
37000  6.195660e-02
38000  6.565710e-02
39000  6.833620e-02
40000  7.148180e-02
41000  6.990740e-02
42000  6.546590e-02
43000  6.022410e-02
44000  5.496750e-02
45000  4.783400e-02
46000  3.790520e-02
47000  2.647100e-02
48000  1.756100e-02
49000  7.233740e-03
50000  1.113420e-03
51000  0.000000e+00
52000  -1
