8000  0.000000e+00
9000  7.203960e-38
10000  5.248390e-30
11000  1.107270e-24
12000  3.377860e-20
13000  1.201050e-16
14000  1.103210e-13
15000  2.404910e-11
16000  8.286520e-10
17000  1.559250e-08
18000  1.678880e-07
19000  1.303210e-06
20000  7.379140e-06
21000  2.327480e-05
22000  6.328030e-05
23000  1.557680e-04
24000  3.413980e-04
25000  6.854620e-04
26000  1.262470e-03
27000  2.183220e-03
28000  3.457750e-03
29000  5.225170e-03
30000  7.444250e-03
31000  9.409710e-03
32000  1.154240e-02
33000  1.392320e-02
34000  1.643450e-02
35000  1.906810e-02
36000  2.175970e-02
37000  2.449840e-02
38000  2.714910e-02
39000  2.971000e-02
40000  3.218180e-02
41000  3.377280e-02
42000  3.463390e-02
43000  3.532180e-02
44000  3.652400e-02
45000  3.752390e-02
46000  3.776770e-02
47000  3.777690e-02
48000  3.810020e-02
49000  3.816590e-02
50000  3.782120e-02
51000  3.672750e-02
52000  3.573780e-02
53000  3.454160e-02
54000  3.300620e-02
55000  3.133600e-02
56000  2.949450e-02
57000  2.775920e-02
58000  2.625180e-02
59000  2.452160e-02
60000  2.295890e-02
61000  2.056040e-02
62000  1.848440e-02
63000  1.623860e-02
64000  1.413400e-02
65000  1.163590e-02
66000  9.108330e-03
67000  6.624640e-03
68000  5.085310e-03
69000  1.857410e-03
70000  0.000000e+00
71000  -1