8000  0.000000e+00
9000  0.000000e+00
10000  0.000000e+00
11000  4.203895e-45
12000  5.470440e-37
13000  2.196280e-30
14000  6.439310e-25
15000  1.510840e-20
16000  9.804250e-18
17000  2.199310e-15
18000  1.962010e-13
19000  9.220920e-12
20000  2.459870e-10
21000  2.051030e-09
22000  1.388450e-08
23000  7.675050e-08
24000  3.449950e-07
25000  1.316530e-06
26000  4.291330e-06
27000  1.236500e-05
28000  3.159850e-05
29000  7.336880e-05
30000  1.534580e-04
31000  2.507290e-04
32000  3.909160e-04
33000  5.896580e-04
34000  8.534770e-04
35000  1.198250e-03
36000  1.627710e-03
37000  2.156740e-03
38000  2.789540e-03
39000  3.535730e-03
40000  4.366520e-03
41000  5.060310e-03
42000  5.803920e-03
43000  6.601490e-03
44000  7.422510e-03
45000  8.264180e-03
46000  9.153690e-03
47000  1.006490e-02
48000  1.089680e-02
49000  1.171490e-02
50000  1.255360e-02
51000  1.314360e-02
52000  1.372100e-02
53000  1.426670e-02
54000  1.486950e-02
55000  1.544650e-02
56000  2.297940e-02
57000  3.123850e-02
58000  3.908030e-02
59000  4.749770e-02
60000  3.476000e-02
61000  2.045280e-02
62000  1.889270e-02
63000  1.718490e-02
64000  1.714610e-02
65000  1.702890e-02
66000  2.352800e-02
67000  3.033910e-02
68000  2.536190e-02
69000  1.997810e-02
70000  1.692490e-02
71000  1.371680e-02
72000  1.338110e-02
73000  1.296910e-02
74000  1.306650e-02
75000  1.318540e-02
76000  1.306850e-02
77000  1.288260e-02
78000  1.281440e-02
79000  1.257740e-02
80000  1.253260e-02
81000  1.224030e-02
82000  1.214970e-02
83000  1.177130e-02
84000  1.152010e-02
85000  1.125890e-02
86000  1.112440e-02
87000  1.098740e-02
88000  1.068990e-02
89000  1.038120e-02
90000  1.020400e-02
91000  1.001680e-02
92000  9.769100e-03
93000  9.494520e-03
94000  9.236680e-03
95000  8.973740e-03
96000  8.714550e-03
97000  8.451400e-03
98000  8.274310e-03
99000  8.092030e-03
100000  7.789940e-03
101000  7.456820e-03
102000  7.298210e-03
103000  7.087630e-03
104000  6.749970e-03
105000  6.415400e-03
106000  6.087430e-03
107000  5.762880e-03
108000  5.501530e-03
109000  5.221420e-03
110000  4.892860e-03
111000  4.564740e-03
112000  4.481660e-03
113000  4.381490e-03
114000  4.034530e-03
115000  3.644860e-03
116000  3.461180e-03
117000  3.286530e-03
118000  3.062990e-03
119000  2.813160e-03
120000  -1