8000  0.000000e+00
9000  4.129970e-38
10000  2.229650e-30
11000  4.971660e-25
12000  1.488050e-20
13000  5.075930e-17
14000  4.636100e-14
15000  9.974870e-12
16000  3.625890e-10
17000  6.957570e-09
18000  7.455340e-08
19000  5.752890e-07
20000  3.295300e-06
21000  1.047450e-05
22000  2.889910e-05
23000  7.197480e-05
24000  1.597720e-04
25000  3.246260e-04
26000  6.037050e-04
27000  1.053590e-03
28000  1.698170e-03
29000  2.610360e-03
30000  3.768000e-03
31000  4.815490e-03
32000  5.995030e-03
33000  7.341170e-03
34000  8.762190e-03
35000  1.028260e-02
36000  1.188020e-02
37000  1.354570e-02
38000  1.522110e-02
39000  1.691810e-02
40000  1.853970e-02
41000  1.970030e-02
42000  2.065680e-02
43000  2.156660e-02
44000  2.249750e-02
45000  2.332440e-02
46000  2.412480e-02
47000  2.484690e-02
48000  2.532480e-02
49000  2.568430e-02
50000  2.594990e-02
51000  2.589330e-02
52000  2.583900e-02
53000  2.569350e-02
54000  2.555550e-02
55000  2.533960e-02
56000  2.911320e-02
57000  3.305800e-02
58000  3.655400e-02
59000  4.007530e-02
60000  3.239010e-02
61000  2.405570e-02
62000  2.261510e-02
63000  2.107810e-02
64000  2.049050e-02
65000  1.976830e-02
66000  2.180850e-02
67000  2.390630e-02
68000  2.098620e-02
69000  1.769280e-02
70000  1.558200e-02
71000  1.335230e-02
72000  1.270990e-02
73000  1.196100e-02
74000  1.135540e-02
75000  1.084690e-02
76000  1.014330e-02
77000  9.329270e-03
78000  8.658320e-03
79000  7.600240e-03
80000  7.312530e-03
81000  6.546060e-03
82000  5.594440e-03
83000  4.916370e-03
84000  4.194540e-03
85000  3.484520e-03
86000  2.801840e-03
87000  2.098320e-03
88000  1.389500e-03
89000  6.818230e-04
90000  2.173160e-04
91000  -1
