8000  0.000000e+00
9000  1.874890e-10
10000  1.128730e-08
11000  1.672870e-07
12000  1.807480e-06
13000  1.033300e-05
14000  5.380800e-05
15000  1.767420e-04
16000  5.032920e-04
17000  1.083780e-03
18000  1.778510e-03
19000  2.751720e-03
20000  3.999120e-03
21000  5.319750e-03
22000  6.777930e-03
23000  8.460190e-03
24000  1.012960e-02
25000  1.185960e-02
26000  1.347100e-02
27000  1.513760e-02
28000  1.655130e-02
29000  1.799670e-02
30000  1.906520e-02
31000  1.987450e-02
32000  2.053070e-02
33000  2.117750e-02
34000  2.156190e-02
35000  2.186310e-02
36000  2.207720e-02
37000  2.224000e-02
38000  2.232590e-02
39000  2.238570e-02
40000  2.229520e-02
41000  2.210540e-02
42000  2.180010e-02
43000  2.150210e-02
44000  2.116220e-02
45000  2.077190e-02
46000  2.051320e-02
47000  2.024150e-02
48000  1.973080e-02
49000  1.919910e-02
50000  1.872630e-02
51000  1.821690e-02
52000  1.772990e-02
53000  1.722770e-02
54000  1.682620e-02
55000  1.641540e-02
56000  1.980270e-02
57000  2.322400e-02
58000  2.608830e-02
59000  2.893000e-02
60000  2.190410e-02
61000  1.476110e-02
62000  1.359190e-02
63000  1.240340e-02
64000  1.200210e-02
65000  1.155180e-02
66000  1.354920e-02
67000  1.555740e-02
68000  1.311790e-02
69000  1.056220e-02
70000  9.231520e-03
71000  7.870920e-03
72000  7.495290e-03
73000  7.084620e-03
74000  6.830050e-03
75000  6.616280e-03
76000  6.303850e-03
77000  5.951910e-03
78000  5.693250e-03
79000  5.293000e-03
80000  5.110460e-03
81000  4.750700e-03
82000  4.451890e-03
83000  4.228340e-03
84000  3.917410e-03
85000  3.607640e-03
86000  3.399690e-03
87000  3.192150e-03
88000  2.905270e-03
89000  2.617890e-03
90000  2.385150e-03
91000  2.154040e-03
92000  1.848390e-03
93000  1.587340e-03
94000  1.357950e-03
95000  1.127530e-03
96000  9.168040e-04
97000  6.981050e-04
98000  4.493610e-04
99000  2.022100e-04
100000  4.665680e-05
101000  -1
