8000  0.000000e+00
9000  2.741540e-38
10000  1.756950e-30
11000  4.559920e-25
12000  9.661380e-21
13000  2.843670e-17
14000  2.407220e-14
15000  4.976140e-12
16000  1.824380e-10
17000  3.492150e-09
18000  3.748540e-08
19000  2.887690e-07
20000  1.653790e-06
21000  5.247140e-06
22000  1.478530e-05
23000  3.741330e-05
24000  8.392550e-05
25000  1.721400e-04
26000  3.222890e-04
27000  5.659090e-04
28000  9.283240e-04
29000  1.450600e-03
30000  2.127000e-03
31000  2.753340e-03
32000  3.469690e-03
33000  4.300020e-03
34000  5.185260e-03
35000  6.148720e-03
36000  7.159500e-03
37000  8.226880e-03
38000  9.334630e-03
39000  1.048570e-02
40000  1.158650e-02
41000  1.239330e-02
42000  1.317840e-02
43000  1.395950e-02
44000  1.464500e-02
45000  1.526780e-02
46000  1.596900e-02
47000  1.663720e-02
48000  1.705410e-02
49000  1.740910e-02
50000  1.780340e-02
51000  1.798530e-02
52000  1.813490e-02
53000  1.823790e-02
54000  1.844570e-02
55000  1.862030e-02
56000  2.580780e-02
57000  3.336150e-02
58000  4.013120e-02
59000  4.713890e-02
60000  3.436310e-02
61000  2.077570e-02
62000  1.905420e-02
63000  1.724970e-02
64000  1.698040e-02
65000  1.663900e-02
66000  2.191570e-02
67000  2.732370e-02
68000  2.259010e-02
69000  1.759580e-02
70000  1.510700e-02
71000  1.255840e-02
72000  1.209380e-02
73000  1.156650e-02
74000  1.147260e-02
75000  1.140340e-02
76000  1.115020e-02
77000  1.083630e-02
78000  1.065720e-02
79000  1.032010e-02
80000  1.010930e-02
81000  9.692070e-03
82000  9.672920e-03
83000  9.375430e-03
84000  9.048850e-03
85000  8.714880e-03
86000  8.549750e-03
87000  8.387260e-03
88000  8.058490e-03
89000  7.722660e-03
90000  7.459330e-03
91000  7.185050e-03
92000  6.890470e-03
93000  6.565690e-03
94000  6.309810e-03
95000  6.053020e-03
96000  5.848260e-03
97000  5.644060e-03
98000  5.386370e-03
99000  5.126320e-03
100000  4.908990e-03
101000  4.674980e-03
102000  4.406590e-03
103000  4.101490e-03
104000  3.859280e-03
105000  3.620660e-03
106000  3.337940e-03
107000  3.060220e-03
108000  2.818870e-03
109000  2.562040e-03
110000  2.295110e-03
111000  2.035510e-03
112000  1.841270e-03
113000  1.663140e-03
114000  1.398390e-03
115000  1.111260e-03
116000  8.975270e-04
117000  6.750900e-04
118000  4.555120e-04
119000  2.114260e-04
120000  -1
