8000  0.000000e+00
9000  2.803540e-06
10000  1.104020e-05
11000  3.640490e-05
12000  1.204020e-04
13000  2.708950e-04
14000  6.767100e-04
15000  1.246240e-03
16000  2.547950e-03
17000  4.145960e-03
18000  5.368240e-03
19000  6.797550e-03
20000  8.339010e-03
21000  1.005710e-02
22000  1.173830e-02
23000  1.354660e-02
24000  1.512110e-02
25000  1.662690e-02
26000  1.785540e-02
27000  1.908210e-02
28000  1.994810e-02
29000  2.083640e-02
30000  2.129460e-02
31000  2.175550e-02
32000  2.205460e-02
33000  2.235300e-02
34000  2.238820e-02
35000  2.235560e-02
36000  2.225370e-02
37000  2.212010e-02
38000  2.193020e-02
39000  2.173420e-02
40000  2.141200e-02
41000  2.109160e-02
42000  2.067070e-02
43000  2.026660e-02
44000  1.983220e-02
45000  1.936000e-02
46000  1.901880e-02
47000  1.867270e-02
48000  1.811420e-02
49000  1.754500e-02
50000  1.703760e-02
51000  1.652850e-02
52000  1.604350e-02
53000  1.554850e-02
54000  1.514780e-02
55000  1.474150e-02
56000  1.774090e-02
57000  2.075760e-02
58000  2.326500e-02
59000  2.574240e-02
60000  1.944900e-02
61000  1.309100e-02
62000  1.204010e-02
63000  1.097450e-02
64000  1.060750e-02
65000  1.019810e-02
66000  1.194830e-02
67000  1.370450e-02
68000  1.154330e-02
69000  9.284590e-03
70000  8.106540e-03
71000  6.904740e-03
72000  6.568670e-03
73000  6.202680e-03
74000  5.974040e-03
75000  5.781560e-03
76000  5.503390e-03
77000  5.191360e-03
78000  4.961260e-03
79000  4.608360e-03
80000  4.445520e-03
81000  4.130680e-03
82000  3.869110e-03
83000  3.673160e-03
84000  3.401540e-03
85000  3.131170e-03
86000  2.949390e-03
87000  2.768130e-03
88000  2.518270e-03
89000  2.268200e-03
90000  2.065670e-03
91000  1.864730e-03
92000  1.599460e-03
93000  1.373000e-03
94000  1.174100e-03
95000  9.744830e-04
96000  7.920390e-04
97000  6.028600e-04
98000  3.878990e-04
99000  1.744840e-04
100000  4.024360e-05
101000  -1
